#[0]: Spectral Type, [1]: u-g, [2]: g-r
0.000000000000000000e+00 -3.209999999999999520e-01 -4.517399999999999749e-01
5.000000000000000000e-01 -2.456000000000000405e-01 -4.352800000000000002e-01
1.000000000000000000e+00 -1.926999999999999824e-01 -4.023599999999999954e-01
1.500000000000000000e+00 -1.325000000000000622e-01 -3.859000000000000208e-01
2.000000000000000000e+00 -7.230000000000003091e-02 -3.694399999999999906e-01
2.500000000000000000e+00 1.059999999999994280e-02 -3.529800000000000160e-01
3.000000000000000000e+00 5.599999999999993872e-02 -3.365199999999999858e-01
3.500000000000000000e+00 8.619999999999994333e-02 -3.365199999999999858e-01
4.000000000000000000e+00 1.088999999999999968e-01 -3.200600000000000112e-01
4.500000000000000000e+00 1.315999999999999392e-01 -3.200600000000000112e-01
5.000000000000000000e+00 1.618000000000000549e-01 -3.035999999999999810e-01
6.000000000000000000e+00 2.446999999999999731e-01 -3.035999999999999810e-01
7.000000000000000000e+00 2.973999999999999422e-01 -2.871400000000000063e-01
7.500000000000000000e+00 3.275999999999999468e-01 -2.871400000000000063e-01
8.000000000000000000e+00 3.652999999999999581e-01 -2.706800000000000317e-01
8.500000000000000000e+00 4.481999999999999318e-01 -2.706800000000000317e-01
9.000000000000000000e+00 5.310999999999999055e-01 -2.542200000000000015e-01
9.500000000000000000e+00 6.141999999999999682e-01 -2.212999999999999967e-01
1.000000000000000000e+01 6.973000000000000309e-01 -2.048400000000000221e-01
1.100000000000000000e+01 7.429000000000000048e-01 -1.719200000000000172e-01
1.200000000000000000e+01 7.960000000000000409e-01 -1.554600000000000148e-01
1.300000000000000000e+01 8.416000000000000147e-01 -1.225400000000000100e-01
1.400000000000000000e+01 8.798999999999999044e-01 -1.060800000000000076e-01
1.500000000000000000e+01 9.030000000000000249e-01 -7.316000000000001668e-02
1.600000000000000000e+01 9.258999999999999453e-01 -5.670000000000001428e-02
1.700000000000000000e+01 9.490000000000000657e-01 -4.024000000000002575e-02
1.800000000000000000e+01 9.954000000000000625e-01 9.139999999999981473e-03
1.900000000000000000e+01 1.010999999999999899e+00 2.559999999999998388e-02
2.000000000000000000e+01 9.889000000000000012e-01 5.851999999999996094e-02
2.100000000000000000e+01 9.818000000000000060e-01 9.143999999999999351e-02
2.200000000000000000e+01 9.894999999999999352e-01 1.078999999999999682e-01
2.500000000000000000e+01 1.051499999999999879e+00 2.066599999999999548e-01
2.800000000000000000e+01 1.143100000000000005e+00 2.560399999999999343e-01
3.000000000000000000e+01 1.226999999999999869e+00 3.054199999999999693e-01
3.200000000000000000e+01 1.272599999999999953e+00 3.547999999999999488e-01
3.300000000000000000e+01 1.310499999999999998e+00 3.547999999999999488e-01
3.500000000000000000e+01 1.393600000000000172e+00 3.712599999999999234e-01
3.800000000000000000e+01 1.514799999999999924e+00 4.370999999999999330e-01
4.000000000000000000e+01 1.673699999999999966e+00 5.523199999999999221e-01
4.100000000000000000e+01 1.742199999999999971e+00 6.181599999999999318e-01
4.200000000000000000e+01 1.930900000000000061e+00 6.839999999999999414e-01
4.300000000000000000e+01 1.998999999999999888e+00 7.662999999999999812e-01
4.400000000000000000e+01 2.240000000000000213e+00 8.485999999999999099e-01
4.500000000000000000e+01 2.400500000000000078e+00 9.802800000000000402e-01
4.700000000000000000e+01 2.651600000000000179e+00 8.815199999999998592e-01
4.800000000000000000e+01 2.697400000000000020e+00 1.013199999999999878e+00
4.900000000000000000e+01 2.736899999999999444e+00 1.111959999999999837e+00
5.000000000000000000e+01 2.714399999999999480e+00 1.227179999999999938e+00
5.100000000000000000e+01 2.752499999999999503e+00 1.325939999999999896e+00
5.200000000000000000e+01 2.692899999999999849e+00 1.408239999999999714e+00
