#B-V	U-B
0.48	0.01
0.94	0.62
0.704	0.154
0.9	0.38
0.92	0.35
0.879	0.606
0.88	0.39
1.05	0.74
0.99	0.71
1.08	0.79
1.08	0.87
0.71	0.15
0.755	0.301
0.98	0.48
0.95	0.43
0.7	0.19
0.88	0.4
1.38	1.2
1.38	1.11
1.51	1.07
0.7	0.17
0.15	0.1
0.34	0.11
0.359	0.131
0.235	0.14
0.25	0.14
0.48	0.01
0.533	0.011
0.85	0.44
0.85	0.43
0.8	0.25
0.79	0.29
1.36	1.21
1.36	1.18
1.42	1.27
1.46	1.12
0.81	0.36
1.4	1.13
0.197	0.15
0.2	0.15
0.52	0.01
0.547	0.062
0.77	0.25
0.796	0.232
0.68	0.14
0.67	0.15
0.68	0.14
0.81	0.3
0.8	0.33
0.88	0.42
0.7	0.16
0.84	0.45
0.913	0.43
0.88	0.47
0.89	0.35
0.64	0.1
1.71	1.99
0.88	0.44
1.07	0.78
1.02	0.79
1.11	0.75
1.28	1.08
1.25	1.08
1.31	0.6
0.458	0.1
0.46	0.1
0.265	0.09
0.27	0.09
0.84	0.38
0.85	0.36
0.83	0.33
1.44	1.11
1.44	0.69
1.28	1.15
0.537	0.05
0.54	0.05
0.85	0.34
0.81	0.39
-0.046	-0.33
-0.04	-0.33
-0.04	-0.36
-0.04	-0.31
-0.04	-0.33
1.23	1.11
1.19	1.04
-0.107	-0.41
-0.11	-0.41
-0.11	-0.41
-0.11	-0.4
-0.12	-0.4
-0.103	-0.421
0.39	0.01
0.412	-0.018
0.8	0.27
0.627	0.13
0.63	0.13
1.3	1.39
1.31	1.15
0.69	0.17
0.94	0.61
0.92	0.63
0.39	0.02
0.384	-0.011
0.331	0.16
0.34	0.16
-0.075	-0.36
-0.07	-0.36
-0.08	-0.31
-0.07	-0.36
-0.106	-0.46
-0.11	-0.46
-0.11	-0.44
-0.12	-0.39
-0.12	-0.48
-0.11	-0.46
-0.091	-0.465
0.78	0.3
0.439	0.08
0.44	0.08
1.1	0.76
1.2	0.69
0.5	0.03
1.06	0.78
0.95	0.34
0.216	0.18
0.21	0.18
0.95	0.39
1.3	1.26
1.31	1.24
1	0.32
0.352	0.11
0.35	0.11
0.602	0.13
0.62	0.13
0.616	0.054
0.159	0.08
0.16	0.08
0.548	0.05
0.55	0.05
1.16	0.72
1.193	0.792
1.17	0.67
0.62	0.06
0.61	0.05
1.08	0.95
0.52	0.11
0.52	0.11
0.92	0.23
0.67	0.17
1.42	1.37
-0.068	-0.4
-0.07	-0.4
-0.07	-0.38
-0.07	-0.4
-0.069	-0.42
1.4	1.47
1.33	1.12
1.31	1.07
1.33	1.2
0.04	0.01
0.052	0.022
1.42	1.13
0.192	0.16
0.2	0.16
0.182	0.201
-0.044	-0.23
-0.04	-0.23
-0.04	-0.28
-0.022	-0.23
-0.04	-0.23
-0.028	-0.15
-0.02	-0.15
-0.015	-0.134
-0.02	-0.15
1.08	0.97
1.07	0.73
1.06	0.7
1.15	1.06
1.01	0.84
0.87	0.48
0.869	0.412
0.62	0.09
1.34	0.85
1.06	0.97
0.6	0.1
0.594	0.067
0.32	0.07
1.32	1.225
0.81	0.29
-0.056	-0.43
-0.06	-0.43
-0.06	-0.41
-0.06	-0.41
-0.06	-0.42
0.97	0.48
0.87	0.53
0.64	0.15
0.64	0.15
0.646	0.107
1.81	2.17
0.65	0.12
0.65	0.1
1.28	1.03
0.097	0.12
0.1	0.12
0.86	0.38
1.23	0.79
1.2	0.84
1.42	1.24
1.3	1.16
0.353	0.28
0.36	0.29
0.36	0.24
0.35	0.3
0.37	0.29
0.84	0.23
0.88	0.71
1.15	1.15
1.17	0.86
0.61	0.08
0.61	0.06
1.23	1.11
1.38	1.21
0.724	0.31
0.73	0.31
0.71	0.19
0.457	0.03
0.46	0.03
0.47	-0.057
0.92	0.51
0.49	0.03
0.99	0.54
0.78	0.16
1.51	0.91
0.64	0.1
0.34	0.28
0.54	0.05
0.62	0.09
0.638	0.16
0.65	0.16
0.88	0.54
0.025	-0.07
0.02	-0.07
0.021	-0.073
0.36	0.12
0.38	0.12
0.84	0.43
1.37	1.11
0.294	0.08
0.3	0.08
1.02	0.78
1.18	1.1
1.35	1.18
1.35	1.17
1.34	1.15
0.468	0.02
0.47	0.02
0.477	-0.039
1.56	1.05
1.25	1.16
1.04	0.86
1.04	0.79
0.46	0.03
1.18	1
1.17	1.05
0.5	0.09
0.26	0.1
0.02	-0.02
0.03	0.05
0.03	0.05
0.206	0.12
0.21	0.12
0.22	0.1
0.61	0.16
0.035	0.05
0.05	0.04
0.18	-0.06
0.25	0.13
1.38	1.12
0.153	0.12
0.15	0.12
0.063	0.02
0.06	0.02
0.066	0.037
-0.09	-0.33
-0.09	-0.34
-0.09	-0.36
-0.09	-0.35
-0.064	-0.397
-0.07	-0.32
1.01	-0.06
1.16	0.94
1.12	0.89
1.35	1.13
0.6	0.25
1.24	1.1
1.23	1.12
1.37	1.06
0.64	0.12
0.664	0.094
1.31	1.02
1.27	1.04
1.22	1.05
1.26	1.15
1.29	0.98
1.3	0.91
1.17	0.81
1.15	0.81
1.15	0.83
1.06	0.85
1.13	0.76
1.13	0.76
0.75	0.3
0.76	0.3
0.54	0.11
0.54	0.11
0.81	0.29
1.26	1.19
0.71	0.43
1.2	0.99
1.28	1.05
1.19	1.01
1.702	2
1.7	2.07
1.701	2.074
1.01	0.47
0.548	0.12
0.55	0.12
0.54	0.03
1.37	1.23
0.361	0.11
0.36	0.11
0.47	0.07
0.47	0.07
0.47	0.02
0.72	0.22
0.72	0.21
1.4	1.31
0.64	0.13
0.558	0.07
0.56	0.07
-0.072	-0.32
-0.07	-0.32
-0.07	-0.32
-0.05	-0.31
0.82	0.43
0.556	0.09
0.56	0.09
0.125	0.09
0.12	0.09
1.06	0.71
1.07	0.75
1.07	0.75
0.49	0.02
0.614	0.13
0.62	0.13
0.284	0.13
0.29	0.13
1.22	1.15
0.86	0.5
0.99	0.64
1.04	0.35
1.04	0.35
1.33	1.26
0.42	0.04
0.86	0.46
0.86	0.48
0.8	0.34
-0.085	-0.36
-0.08	-0.36
-0.08	-0.36
-0.09	-0.36
-0.075	-0.409
0.62	0.09
-0.078	-0.28
-0.08	-0.28
-0.08	-0.28
-0.08	-0.4
-0.035	-0.206
-0.08	-0.28
-0.02	-0.14
0.22	0.13
0.22	0.1
1.37	1.18
0.097	0.11
0.1	0.11
1.04	0.62
1.03	0.66
-0.028	-0.12
-0.03	-0.12
-0.03	-0.12
0.86	0.46
0.78	0.38
1.15	0.98
0.175	0.13
0.18	0.13
0.83	0.39
0.71	0.24
0.434	0.02
0.44	0.02
0.82	0.36
0.76	0.26
1.1	0.96
0.98	0.68
1.59	1.04
0.22	0.13
-0.052	-0.19
-0.05	-0.19
-0.05	-0.19
0.83	0.46
0.162	0.15
0.16	0.15
0.169	0.14
0.164	0.132
0.077	0.08
0.08	0.08
0.6	0.08
0.06	-0.06
1.22	0.94
1.16	0.985
1.233	0.924
0.73	0.25
0.74	0.27
0.83	0.44
0.134	0.12
0.13	0.12
1	0.8
0.6	0.07
0.086	0.03
0.09	0.03
1.07	0.89
0.86	0.37
0.95	0.56
1.15	0.92
1.25	1.05
1	0.85
0.16	0.14
1.19	0.97
1.4	1.16
1.35	1.18
0.384	0.05
0.38	0.05
0.46	0.09
1.17	1
1.16	0.88
1.24	1.03
1.12	0.96
1	0.66
0.74	0.25
1.29	1.1
0.73	0.19
0.98	0.64
0.56	0.05
1.16	1.04
1.1	0.89
1.15	0.73
0.57	0.06
0.51	0.01
0.36	0.02
0.04	0.03
0.15	0.18
0.16	0.18
0.08	0.02
0.35	0.04
0.44	0.01
0.46	0.02
0.54	0.03
0.57	0.04
0.49	0.02
0.48	0.13
0.18	0.13
0.19	0.15
0.22	0.12
0.22	0.13
0.36	0.12
0.26	0.14
0.38	-0.01
0.18	0.12
0.03	-0.02
0.52	0.06
-0.01	-0.32
-0.01	-0.32
0.5	0.01
0.53	0.09
0.16	0.13
0.48	-0.02
0.48	-0.02
0.48	-0.02
0.12	0.15
0.12	0.16
0.54	0.12
0.43	-0.03
0.67	0.16
0.26	0.12
0.04	-0.01
1.13	0.8
0.99	0.32
0.99	0.56
0.89	0.8
1.92	1.35
1.5	0.32
1.16	0.36
0.67	0.12
1.82	1.8
0.91	0.88
1.7	2.3
0.28	-0.2
0.72	0.04
0.95	0.44
1.52	1.47
1.03	0.58
1.7	0.99
0.8	0.41
1.54	1.32
1.64	1.31
